_Composite_Pipe_Results_
	Input parameters:
Hot side temperature:
T1 =	110.000	deg C
Cold side temperature:
T2 =	30.000	deg C

Pipe length:
L =	1.200	m

Inner radius:
r_1 =	0.050	m

Fluid heat transfer coefficient of layer 1:
h_1 =	1000.000	W/m2.K
Outer radius of layer 1:
r_2 =	0.050	m

Layer 1 resistance to heat transfer:
R_2 =	0.127	K/W

Thermal conductivity of layer 2:
k_2 =	400.000	W/m.K
Outer radius of layer 2:
r_3 =	0.060	m

Layer 2 resistance to heat transfer:
R_3 =	0.000	K/W

Thermal conductivity of layer 3:
k_3 =	0.200	W/m.K
Outer radius of layer 3:
r_4 =	0.090	m

Layer 3 resistance to heat transfer:
R_4 =	0.269	K/W

Fluid heat transfer coefficient of layer 4:
h_4 =	0.500	W/m2.K
Outer radius of layer 4:
r_5 =	0.090	m

Layer 4 resistance to heat transfer:
R_5 =	78.595	K/W

	Intermediate parameters:
Rate of heat transfer:
Q =	1.013	W

	Output parameters:
k (W/m.K)	h (W/m2.K)	r (mm)	T (deg C)
0.000	0.000	50.00000	110.00000
	1000.000	50.00000	109.87105
400.000	0.000	50.04016	109.87105
		50.08032	109.87105
		50.12048	109.87105
		50.16064	109.87105
		50.20080	109.87105
		50.24096	109.87105
		50.28112	109.87105
		50.32129	109.87105
		50.36145	109.87105
		50.40161	109.87105
		50.44177	109.87105
		50.48193	109.87105
		50.52209	109.87105
		50.56225	109.87105
		50.60241	109.87105
		50.64257	109.87105
		50.68273	109.87105
		50.72289	109.87105
		50.76305	109.87105
		50.80321	109.87104
		50.84337	109.87104
		50.88353	109.87104
		50.92369	109.87104
		50.96386	109.87104
		51.00402	109.87104
		51.04418	109.87104
		51.08434	109.87104
		51.12450	109.87104
		51.16466	109.87104
		51.20482	109.87104
		51.24498	109.87104
		51.28514	109.87104
		51.32530	109.87104
		51.36546	109.87104
		51.40562	109.87104
		51.44578	109.87104
		51.48594	109.87104
		51.52610	109.87104
		51.56627	109.87104
		51.60643	109.87104
		51.64659	109.87104
		51.68675	109.87104
		51.72691	109.87104
		51.76707	109.87104
		51.80723	109.87104
		51.84739	109.87104
		51.88755	109.87104
		51.92771	109.87104
		51.96787	109.87104
		52.00803	109.87104
		52.04819	109.87104
		52.08835	109.87104
		52.12851	109.87104
		52.16867	109.87104
		52.20884	109.87104
		52.24900	109.87104
		52.28916	109.87104
		52.32932	109.87103
		52.36948	109.87103
		52.40964	109.87103
		52.44980	109.87103
		52.48996	109.87103
		52.53012	109.87103
		52.57028	109.87103
		52.61044	109.87103
		52.65060	109.87103
		52.69076	109.87103
		52.73092	109.87103
		52.77108	109.87103
		52.81124	109.87103
		52.85141	109.87103
		52.89157	109.87103
		52.93173	109.87103
		52.97189	109.87103
		53.01205	109.87103
		53.05221	109.87103
		53.09237	109.87103
		53.13253	109.87103
		53.17269	109.87103
		53.21285	109.87103
		53.25301	109.87103
		53.29317	109.87103
		53.33333	109.87103
		53.37349	109.87103
		53.41365	109.87103
		53.45382	109.87103
		53.49398	109.87103
		53.53414	109.87103
		53.57430	109.87103
		53.61446	109.87103
		53.65462	109.87103
		53.69478	109.87103
		53.73494	109.87103
		53.77510	109.87103
		53.81526	109.87103
		53.85542	109.87103
		53.89558	109.87102
		53.93574	109.87102
		53.97590	109.87102
		54.01606	109.87102
		54.05622	109.87102
		54.09639	109.87102
		54.13655	109.87102
		54.17671	109.87102
		54.21687	109.87102
		54.25703	109.87102
		54.29719	109.87102
		54.33735	109.87102
		54.37751	109.87102
		54.41767	109.87102
		54.45783	109.87102
		54.49799	109.87102
		54.53815	109.87102
		54.57831	109.87102
		54.61847	109.87102
		54.65863	109.87102
		54.69880	109.87102
		54.73896	109.87102
		54.77912	109.87102
		54.81928	109.87102
		54.85944	109.87102
		54.89960	109.87102
		54.93976	109.87102
		54.97992	109.87102
		55.02008	109.87102
		55.06024	109.87102
		55.10040	109.87102
		55.14056	109.87102
		55.18072	109.87102
		55.22088	109.87102
		55.26104	109.87102
		55.30120	109.87102
		55.34137	109.87102
		55.38153	109.87102
		55.42169	109.87102
		55.46185	109.87102
		55.50201	109.87102
		55.54217	109.87101
		55.58233	109.87101
		55.62249	109.87101
		55.66265	109.87101
		55.70281	109.87101
		55.74297	109.87101
		55.78313	109.87101
		55.82329	109.87101
		55.86345	109.87101
		55.90361	109.87101
		55.94378	109.87101
		55.98394	109.87101
		56.02410	109.87101
		56.06426	109.87101
		56.10442	109.87101
		56.14458	109.87101
		56.18474	109.87101
		56.22490	109.87101
		56.26506	109.87101
		56.30522	109.87101
		56.34538	109.87101
		56.38554	109.87101
		56.42570	109.87101
		56.46586	109.87101
		56.50602	109.87101
		56.54618	109.87101
		56.58635	109.87101
		56.62651	109.87101
		56.66667	109.87101
		56.70683	109.87101
		56.74699	109.87101
		56.78715	109.87101
		56.82731	109.87101
		56.86747	109.87101
		56.90763	109.87101
		56.94779	109.87101
		56.98795	109.87101
		57.02811	109.87101
		57.06827	109.87101
		57.10843	109.87101
		57.14859	109.87101
		57.18876	109.87101
		57.22892	109.87100
		57.26908	109.87100
		57.30924	109.87100
		57.34940	109.87100
		57.38956	109.87100
		57.42972	109.87100
		57.46988	109.87100
		57.51004	109.87100
		57.55020	109.87100
		57.59036	109.87100
		57.63052	109.87100
		57.67068	109.87100
		57.71084	109.87100
		57.75100	109.87100
		57.79116	109.87100
		57.83133	109.87100
		57.87149	109.87100
		57.91165	109.87100
		57.95181	109.87100
		57.99197	109.87100
		58.03213	109.87100
		58.07229	109.87100
		58.11245	109.87100
		58.15261	109.87100
		58.19277	109.87100
		58.23293	109.87100
		58.27309	109.87100
		58.31325	109.87100
		58.35341	109.87100
		58.39357	109.87100
		58.43373	109.87100
		58.47390	109.87100
		58.51406	109.87100
		58.55422	109.87100
		58.59438	109.87100
		58.63454	109.87100
		58.67470	109.87100
		58.71486	109.87100
		58.75502	109.87100
		58.79518	109.87100
		58.83534	109.87100
		58.87550	109.87100
		58.91566	109.87100
		58.95582	109.87099
		58.99598	109.87099
		59.03614	109.87099
		59.07631	109.87099
		59.11647	109.87099
		59.15663	109.87099
		59.19679	109.87099
		59.23695	109.87099
		59.27711	109.87099
		59.31727	109.87099
		59.35743	109.87099
		59.39759	109.87099
		59.43775	109.87099
		59.47791	109.87099
		59.51807	109.87099
		59.55823	109.87099
		59.59839	109.87099
		59.63855	109.87099
		59.67871	109.87099
		59.71888	109.87099
		59.75904	109.87099
		59.79920	109.87099
		59.83936	109.87099
		59.87952	109.87099
		59.91968	109.87099
		59.95984	109.87099
		60.00000	109.87099
		60.04016	109.87099
0.200		60.16064	109.86964
		60.28112	109.86830
		60.40161	109.86696
		60.52209	109.86562
		60.64257	109.86428
		60.76305	109.86295
		60.88353	109.86162
		61.00402	109.86029
		61.12450	109.85897
		61.24498	109.85764
		61.36546	109.85633
		61.48594	109.85501
		61.60643	109.85369
		61.72691	109.85238
		61.84739	109.85107
		61.96787	109.84976
		62.08835	109.84846
		62.20884	109.84716
		62.32932	109.84586
		62.44980	109.84456
		62.57028	109.84327
		62.69076	109.84197
		62.81124	109.84069
		62.93173	109.83940
		63.05221	109.83811
		63.17269	109.83683
		63.29317	109.83555
		63.41365	109.83427
		63.53414	109.83300
		63.65462	109.83173
		63.77510	109.83046
		63.89558	109.82919
		64.01606	109.82792
		64.13655	109.82666
		64.25703	109.82540
		64.37751	109.82414
		64.49799	109.82289
		64.61847	109.82163
		64.73896	109.82038
		64.85944	109.81913
		64.97992	109.81789
		65.10040	109.81664
		65.22088	109.81540
		65.34137	109.81416
		65.46185	109.81293
		65.58233	109.81169
		65.70281	109.81046
		65.82329	109.80923
		65.94378	109.80800
		66.06426	109.80677
		66.18474	109.80555
		66.30522	109.80433
		66.42570	109.80311
		66.54618	109.80189
		66.66667	109.80068
		66.78715	109.79946
		66.90763	109.79825
		67.02811	109.79705
		67.14859	109.79584
		67.26908	109.79463
		67.38956	109.79343
		67.51004	109.79223
		67.63052	109.79104
		67.75100	109.78984
		67.87149	109.78865
		67.99197	109.78746
		68.11245	109.78627
		68.23293	109.78508
		68.35341	109.78390
		68.47390	109.78271
		68.59438	109.78153
		68.71486	109.78035
		68.83534	109.77918
		68.95582	109.77800
		69.07631	109.77683
		69.19679	109.77566
		69.31727	109.77449
		69.43775	109.77332
		69.55823	109.77216
		69.67871	109.77100
		69.79920	109.76984
		69.91968	109.76868
		70.04016	109.76752
		70.16064	109.76637
		70.28112	109.76522
		70.40161	109.76407
		70.52209	109.76292
		70.64257	109.76177
		70.76305	109.76063
		70.88353	109.75948
		71.00402	109.75834
		71.12450	109.75721
		71.24498	109.75607
		71.36546	109.75493
		71.48594	109.75380
		71.60643	109.75267
		71.72691	109.75154
		71.84739	109.75041
		71.96787	109.74929
		72.08835	109.74816
		72.20884	109.74704
		72.32932	109.74592
		72.44980	109.74481
		72.57028	109.74369
		72.69076	109.74258
		72.81124	109.74146
		72.93173	109.74035
		73.05221	109.73924
		73.17269	109.73814
		73.29317	109.73703
		73.41365	109.73593
		73.53414	109.73483
		73.65462	109.73373
		73.77510	109.73263
		73.89558	109.73154
		74.01606	109.73044
		74.13655	109.72935
		74.25703	109.72826
		74.37751	109.72717
		74.49799	109.72608
		74.61847	109.72500
		74.73896	109.72391
		74.85944	109.72283
		74.97992	109.72175
		75.10040	109.72067
		75.22088	109.71960
		75.34137	109.71852
		75.46185	109.71745
		75.58233	109.71638
		75.70281	109.71531
		75.82329	109.71424
		75.94378	109.71317
		76.06426	109.71211
		76.18474	109.71105
		76.30522	109.70998
		76.42570	109.70892
		76.54618	109.70787
		76.66667	109.70681
		76.78715	109.70576
		76.90763	109.70470
		77.02811	109.70365
		77.14859	109.70260
		77.26908	109.70155
		77.38956	109.70051
		77.51004	109.69946
		77.63052	109.69842
		77.75100	109.69738
		77.87149	109.69634
		77.99197	109.69530
		78.11245	109.69426
		78.23293	109.69323
		78.35341	109.69219
		78.47390	109.69116
		78.59438	109.69013
		78.71486	109.68910
		78.83534	109.68808
		78.95582	109.68705
		79.07631	109.68603
		79.19679	109.68500
		79.31727	109.68398
		79.43775	109.68296
		79.55823	109.68195
		79.67871	109.68093
		79.79920	109.67991
		79.91968	109.67890
		80.04016	109.67789
		80.16064	109.67688
		80.28112	109.67587
		80.40161	109.67486
		80.52209	109.67386
		80.64257	109.67285
		80.76305	109.67185
		80.88353	109.67085
		81.00402	109.66985
		81.12450	109.66885
		81.24498	109.66786
		81.36546	109.66686
		81.48594	109.66587
		81.60643	109.66487
		81.72691	109.66388
		81.84739	109.66289
		81.96787	109.66191
		82.08835	109.66092
		82.20884	109.65993
		82.32932	109.65895
		82.44980	109.65797
		82.57028	109.65699
		82.69076	109.65601
		82.81124	109.65503
		82.93173	109.65405
		83.05221	109.65308
		83.17269	109.65211
		83.29317	109.65113
		83.41365	109.65016
		83.53414	109.64919
		83.65462	109.64823
		83.77510	109.64726
		83.89558	109.64629
		84.01606	109.64533
		84.13655	109.64437
		84.25703	109.64341
		84.37751	109.64245
		84.49799	109.64149
		84.61847	109.64053
		84.73896	109.63958
		84.85944	109.63862
		84.97992	109.63767
		85.10040	109.63672
		85.22088	109.63577
		85.34137	109.63482
		85.46185	109.63387
		85.58233	109.63293
		85.70281	109.63198
		85.82329	109.63104
		85.94378	109.63009
		86.06426	109.62915
		86.18474	109.62821
		86.30522	109.62728
		86.42570	109.62634
		86.54618	109.62540
		86.66667	109.62447
		86.78715	109.62354
		86.90763	109.62260
		87.02811	109.62167
		87.14859	109.62074
		87.26908	109.61982
		87.38956	109.61889
		87.51004	109.61797
		87.63052	109.61704
		87.75100	109.61612
		87.87149	109.61520
		87.99197	109.61428
		88.11245	109.61336
		88.23293	109.61244
		88.35341	109.61152
		88.47390	109.61061
		88.59438	109.60969
		88.71486	109.60878
		88.83534	109.60787
		88.95582	109.60696
		89.07631	109.60605
		89.19679	109.60514
		89.31727	109.60424
		89.43775	109.60333
		89.55823	109.60243
		89.67871	109.60152
		89.79920	109.60062
		89.91968	109.59972
		90.04016	109.59882
		90.16064	109.59792
0.000	0.500	90.00000	29.99925
